0.04258295208929 -0.00169619013886 16.7305800944332
2.82225071741732 1.60245012929804 16.73316770829708
1.89480340875301 0.00203871744394 18.326697355202
4.6745027798158 1.6062050532805 18.32919118971686
4.67861292528198 1.60501880938764 15.13851714949008
1.89904189887606 0.0008180233030800001 15.13606852315816
5.598468063206989 0.00418480997876 16.7357250945361
8.378135828535019 1.60833112941566 16.73831270839998
7.450688519870711 0.00791971756156 18.3318423553049
10.2303875575804 1.61208605304526 18.33433618951106
10.23449770304658 1.6108998091524 15.14366214928428
7.45492700999376 0.006699023420699999 15.14121352326106
11.15435284097159 0.01006580974352 16.7408700943303
13.93402093965272 1.61421212953328 16.74345770850288
13.00657363098841 0.01380071767918 18.3369873554078
15.7862726686981 1.61796705316288 18.33948118961396
15.79038281416428 1.61678080927002 15.14880714938718
13.01081212111146 0.01258002353832 15.14635852336396
16.71023795208929 0.01594680986114 16.7460150944332
19.48990605077042 1.6200931296509 16.74860270860578
18.56245840875301 0.01968171744394 18.342132355202
21.3421577798158 1.6238480532805 18.34462618971686
21.34626792528197 1.62266180938764 15.15395214949008
18.56669689887606 0.01846102330308 15.15150352315816
22.26612306320699 0.02182780997876 16.7511600945361
25.04579082853502 1.62597412941566 16.75374770839998
24.11834351987071 0.02556271756156 18.3472773553049
26.8980425575804 1.62972905304526 18.34977118951106
26.90215303639967 1.62854280950526 15.15909714959298
24.12258200999376 0.0243420234207 15.15664852326106
27.82200817432469 0.02770881009638 16.756305094639
30.60167593965272 1.63185512953328 16.75889270850288
29.67422863098841 0.03144371767918001 18.3524223554078
32.45392766869809 1.63561005316288 18.35491618961396
32.45803781416428 1.63442380927002 15.16424214938718
29.67846712111146 0.03022302353832 15.16179352336396
0.04597695208929 3.20073280986114 16.7304970944332
2.82564471741732 4.80487912929804 16.73308470829708
1.89819740875301 3.20446771744394 18.326614355202
4.677896779815799 4.808634053280501 18.32910818971686
4.682006925281979 4.80744780938764 15.13843414949008
1.90243589887606 3.20324702330308 15.13598552315816
5.60186206320699 3.20661380997876 16.7356420945361
8.381529828535019 4.810760129415661 16.73822970839998
7.454082519870711 3.21034871756156 18.3317593553049
10.2337815575804 4.81451505304526 18.33425318951106
10.23789170304658 4.8133288091524 15.14357914928428
7.45832100999376 3.2091280234207 15.14113052326106
11.15774684097159 3.21249480974352 16.7407870943303
13.93741493965272 4.816641129533281 16.74337470850288
13.00996763098841 3.21622971767918 18.3369043554078
15.7896666686981 4.82039605316288 18.33939818961396
15.79377681416428 4.81920980927002 15.14872414938718
13.01420612111146 3.21500902353832 15.14627552336396
16.71363195208929 3.21837580986114 16.7459320944332
19.49330005077042 4.8225221296509 16.74851970860578
18.56585240875301 3.22211071744394 18.342049355202
21.3455517798158 4.8262770532805 18.34454318971686
21.34966192528197 4.82509080938764 15.15386914949008
18.57009089887606 3.22089002330308 15.15142052315816
22.26951706320699 3.22425680997876 16.7510770945361
25.04918482853502 4.82840312941566 16.75366470839998
24.12173751987071 3.22799171756156 18.3471943553049
26.9014365575804 4.83215805304526 18.34968818951106
26.90554703639967 4.83097180950526 15.15901414959298
24.12597600999376 3.2267710234207 15.15656552326106
27.82540217432469 3.23013781009638 16.756222094639
30.60506993965272 4.83428412953328 16.75880970850288
29.67762263098841 3.23387271767918 18.3523393554078
32.45732166869809 4.838039053162881 18.35483318961396
32.46143181416428 4.83685280927002 15.16415914938718
29.68186112111146 3.23265202353832 15.16171052336396
0.04937095208929 6.40316180986114 16.7304140944332
2.82903871741732 8.00730812929804 16.73300170829708
1.90159140875301 6.40689671744394 18.326531355202
4.681290779815799 8.0110630532805 18.32902518971686
4.685400925281979 8.00987680938764 15.13835114949008
1.90582989887606 6.40567602330308 15.13590252315816
5.60525606320699 6.40904280997876 16.7355590945361
8.384923828535019 8.013189129415661 16.73814670839998
7.457476519870711 6.412777717561561 18.3316763553049
10.2371755575804 8.01694405304526 18.33417018951106
10.24128570304658 8.015757809152399 15.14349614928428
7.46171500999376 6.411557023420699 15.14104752326106
11.16114084097159 6.41492380974352 16.7407040943303
13.94080893965272 8.019070129533281 16.74329170850288
13.01336163098841 6.41865871767918 18.3368213554078
15.7930606686981 8.02282505316288 18.33931518961396
15.79717081416428 8.02163880927002 15.14864114938718
13.01760012111146 6.417438023538319 15.14619252336396
16.71702595208929 6.42080480986114 16.7458490944332
19.49669405077042 8.0249511296509 16.74843670860578
18.56924640875301 6.42453971744394 18.341966355202
21.3489457798158 8.0287060532805 18.34446018971686
21.35305592528197 8.02751980938764 15.15378614949008
18.57348489887606 6.42331902330308 15.15133752315816
22.27291106320699 6.42668580997876 16.7509940945361
25.05257882853502 8.03083212941566 16.75358170839998
24.12513151987071 6.43042071756156 18.3471113553049
26.9048305575804 8.03458705304526 18.34960518951106
26.90894103639967 8.03340080950526 15.15893114959298
24.12937000999376 6.4292000234207 15.15648252326106
27.82879617432469 6.43256681009638 16.756139094639
30.60846393965272 8.03671312953328 16.75872670850288
29.68101663098841 6.43630171767918 18.3522563554078
32.46071566869809 8.04046805316288 18.35475018961396
32.46482581416428 8.039281809270019 15.16407614938718
29.68525512111146 6.43508102353832 15.16162752336396
0.05276495208929 9.60559080986114 16.7303310944332
2.83243271741732 11.20973712929804 16.73291870829708
1.90498540875301 9.609325717443939 18.326448355202
4.684684779815799 11.2134920532805 18.32894218971686
4.68879492528198 11.21230580938764 15.13826814949008
1.90922389887606 9.608105023303079 15.13581952315816
5.60865006320699 9.61147180997876 16.7354760945361
8.388317828535019 11.21561812941566 16.73806370839998
7.460870519870711 9.61520671756156 18.3315933553049
10.2405695575804 11.21937305304526 18.33408718951106
10.24467970304658 11.2181868091524 15.14341314928428
7.46510900999376 9.613986023420699 15.14096452326106
11.16453484097159 9.617352809743519 16.7406210943303
13.94420293965272 11.22149912953328 16.74320870850288
13.01675563098841 9.62108771767918 18.3367383554078
15.7964546686981 11.22525405316288 18.33923218961396
15.80056481416428 11.22406780927002 15.14855814938718
13.02099412111146 9.619867023538319 15.14610952336396
16.72041995208929 9.623233809861139 16.7457660944332
19.50008805077042 11.2273801296509 16.74835370860578
18.57264040875301 9.626968717443939 18.341883355202
21.3523397798158 11.2311350532805 18.34437718971686
21.35644992528198 11.22994880938764 15.15370314949008
18.57687889887606 9.625748023303078 15.15125452315816
22.27630506320699 9.62911480997876 16.7509110945361
25.05597282853502 11.23326112941566 16.75349870839998
24.12852551987071 9.632849717561559 18.3470283553049
26.9082245575804 11.23701605304526 18.34952218951106
26.91233503639967 11.23582980950526 15.15884814959298
24.13276400999376 9.631629023420698 15.15639952326106
27.83219017432469 9.63499581009638 16.756056094639
30.61185793965272 11.23914212953328 16.75864370850288
29.68441063098841 9.638730717679179 18.3521733554078
32.46410966869809 11.24289705316288 18.35466718961396
32.46821981416428 11.24171080927002 15.16399314938718
29.68864912111146 9.637510023538319 15.16154452336396
0.05615895208929 12.80801980986114 16.7302480944332
2.83582671741732 14.41216612929804 16.73283570829708
1.90837940875301 12.81175471744394 18.326365355202
4.688078779815799 14.4159210532805 18.32885918971686
4.69218892528198 14.41473480938764 15.13818514949008
1.91261789887606 12.81053402330308 15.13573652315816
5.61204406320699 12.81390080997876 16.7353930945361
8.39171182853502 14.41804712941566 16.73798070839998
7.464264519870711 12.81763571756156 18.3315103553049
10.2439635575804 14.42180205304526 18.33400418951106
10.24807370304658 14.4206158091524 15.14333014928428
7.468503009993761 12.8164150234207 15.14088152326106
11.16792884097159 12.81978180974352 16.7405380943303
13.94759693965272 14.42392812953328 16.74312570850288
13.02014963098841 12.82351671767918 18.3366553554078
15.7998486686981 14.42768305316288 18.33914918961396
15.80395881416428 14.42649680927002 15.14847514938718
13.02438812111146 12.82229602353832 15.14602652336396
16.72381395208929 12.82566280986114 16.7456830944332
19.50348171741732 14.42980912929804 16.74827070829708
18.57603440875301 12.82939771744394 18.341800355202
21.3557337798158 14.4335640532805 18.34429418971686
21.35984392528198 14.43237780938764 15.15362014949008
18.58027289887606 12.82817702330308 15.15117152315816
22.27969906320699 12.83154380997876 16.7508280945361
25.05936682853502 14.43569012941566 16.75341570839998
24.13191951987071 12.83527871756156 18.3469453553049
26.9116185575804 14.43944505304526 18.34943918951106
26.91572870304658 14.4382588091524 15.15876514928428
24.13615800999376 12.8340580234207 15.15631652326106
27.83558417432469 12.83742481009638 16.755973094639
30.61525193965272 14.44157112953328 16.75856070850288
29.68780463098841 12.84115971767918 18.3520903554078
32.46750366869809 14.44532605316288 18.35458418961396
32.47161381416428 14.44413980927002 15.16391014938718
29.69204312111146 12.83993902353832 15.16146152336396
0.05955295208929 16.01044880986114 16.7301650944332
2.83922071741732 17.61459512929804 16.73275270829708
1.91177340875301 16.01418371744394 18.326282355202
4.6914727798158 17.6183500532805 18.32877618971686
4.69558292528198 17.61716380938764 15.13810214949008
1.91601189887606 16.01296302330308 15.13565352315816
5.61543806320699 16.01632980997876 16.7353100945361
8.395105828535018 17.62047612941566 16.73789770839998
7.467658519870711 16.02006471756156 18.3314273553049
10.2473575575804 17.62423105304526 18.33392118951106
10.25146803639968 17.62304480950526 15.14324714959298
7.471897009993761 16.0188440234207 15.14079852326106
11.17132284097159 16.02221080974352 16.7404550943303
13.95099093965272 17.62635712953328 16.74304270850288
13.02354363098841 16.02594571767918 18.3365723554078
15.8032426686981 17.63011205316288 18.33906618961396
15.80735281416428 17.62892580927002 15.14839214938718
13.02778212111146 16.02472502353832 15.14594352336396
16.72720795208929 16.02809180986114 16.7456000944332
19.50687571741732 17.63223812929804 16.74818770829708
18.57942840875301 16.03182671744394 18.341717355202
21.3591277798158 17.6359930532805 18.34421118971686
21.36323792528198 17.63480680938764 15.15353714949008
18.58366689887606 16.03060602330308 15.15108852315816
22.28309306320699 16.03397280997876 16.7507450945361
25.06276082853502 17.63811912941566 16.75333270839998
24.13531351987071 16.03770771756156 18.3468623553049
26.9150125575804 17.64187405304526 18.34935618951106
26.91912270304658 17.6406878091524 15.15868214928428
24.13955200999376 16.0364870234207 15.15623352326106
27.83897817432469 16.03985381009638 16.755890094639
30.61864593965272 17.64400012953328 16.75847770850288
29.69119863098841 16.04358871767918 18.3520073554078
32.47089766869809 17.64775505316288 18.35450118961396
32.47500781416428 17.64656880927002 15.16382714938718
29.69543712111146 16.04236802353832 15.16137852336396
0.06294695208928999 19.21287780986114 16.7300820944332
2.84261471741732 20.81702412929804 16.73266970829708
1.91516774210611 19.2166127177968 18.3261993555107
4.6948667798158 20.8207790532805 18.32869318971686
4.69897692528198 20.81959280938764 15.13801914949008
1.91940589887606 19.21539202330308 15.13557052315816
5.61883206320699 19.21875880997876 16.7352270945361
8.398499828535018 20.82290512941566 16.73781470839998
7.471052519870711 19.22249371756156 18.3313443553049
10.2507515575804 20.82666005304526 18.33383818951106
10.25486203639968 20.82547380950526 15.14316414959298
7.47529100999376 19.2212730234207 15.14071552326106
11.17471684097159 19.22463980974352 16.7403720943303
13.95438493965272 20.82878612953328 16.74295970850288
13.02693763098841 19.22837471767918 18.3364893554078
15.8066366686981 20.83254105316288 18.33898318961396
15.81074681416428 20.83135480927002 15.14830914938718
13.03117612111146 19.22715402353832 15.14586052336396
16.73060195208929 19.23052080986114 16.7455170944332
19.51026971741732 20.83466712929804 16.74810470829708
18.58282240875301 19.23425571744394 18.341634355202
21.3625217798158 20.8384220532805 18.34412818971686
21.36663192528198 20.83723580938764 15.15345414949008
18.58706123222916 19.23303502365594 15.15100552346686
22.28648706320699 19.23640180997876 16.7506620945361
25.06615482853502 20.84054812941566 16.75324970839998
24.13870751987071 19.24013671756156 18.3467793553049
26.9184065575804 20.84430305304526 18.34927318951106
26.92251703639968 20.84311680950526 15.15859914959298
24.14294600999376 19.2389160234207 15.15615052326106
27.84237217432469 19.24228281009638 16.755807094639
30.62203993965272 20.84642912953328 16.75839470850288
29.69459263098841 19.24601771767918 18.3519243554078
32.47429166869809 20.85018405316288 18.35441818961396
32.47840181416428 20.84899780927002 15.16374414938718
29.69883112111146 19.24479702353832 15.16129552336396
0.06634095208929 22.41530680986114 16.7299990944332
2.84600871741732 24.01945312929804 16.73258670829708
1.91856140875301 22.41904171744394 18.326116355202
4.6982607798158 24.0232080532805 18.32861018971686
4.70237092528198 24.02202180938764 15.13793614949008
1.92279989887606 22.41782102330308 15.13548752315816
5.622226063206989 22.42118780997876 16.7351440945361
8.401893828535018 24.02533412941566 16.73773170839998
7.474446519870711 22.42492271756156 18.3312613553049
10.2541455575804 24.02908905304526 18.33375518951106
10.25825603639968 24.02790280950526 15.14308114959298
7.47868500999376 22.4237020234207 15.14063252326106
11.17811084097159 22.42706880974352 16.7402890943303
13.95777893965272 24.03121512953328 16.74287670850288
13.03033163098841 22.43080371767918 18.3364063554078
15.8100306686981 24.03497005316288 18.33890018961396
15.81414081416428 24.03378380927002 15.14822614938718
13.03457012111146 22.42958302353832 15.14577752336396
16.73399595208929 22.43294980986114 16.7454340944332
19.51366371741732 24.03709612929804 16.74802170829708
18.58621640875301 22.43668471744394 18.341551355202
21.3659157798158 24.0408510532805 18.34404518971686
21.37002592528198 24.03966480938764 15.15337114949008
18.59045523222916 22.43546402365594 15.15092252346686
22.28988106320699 22.43883080997876 16.7505790945361
25.06954882853502 24.04297712941566 16.75316670839998
24.14210151987071 22.44256571756156 18.3466963553049
26.9218005575804 24.04673205304526 18.34919018951106
26.92591103639968 24.04554580950526 15.15851614959298
24.14634000999376 22.4413450234207 15.15606752326106
27.84576617432469 22.44471181009638 16.755724094639
30.62543393965272 24.04885812953328 16.75831170850288
29.69798663098841 22.44844671767918 18.3518413554078
32.47768566869809 24.05261305316288 18.35433518961396
32.48179581416428 24.05142680927002 15.16366114938718
29.70222512111146 22.44722602353832 15.16121252336396
-2.7404220658866563 -4.808294097180212 16.728188708638346
-0.8881703368422794 -4.8045391744920645 18.32421218974945
-0.8840601913757786 -4.805725418087504 15.133538149522662
-2.7370280667376194 -1.6058659001080824 16.728105708659157
-3.6644753749766608 -3.2062769106996014 18.321635355553678
-0.8847763376932426 -1.6021109774199322 18.324129189770257
-0.880666192226738 -1.6032972210153689 15.133455149543472
-3.660236884853287 -3.2074976045344026 15.131006523509829
-2.7336340607808998 1.596568720386986 16.728022708513482
-3.6610813690199446 -0.0038422902045348586 18.321552355408006
-0.8813823317365265 1.6003236430751342 18.324046189624585
-0.8772721862700257 1.5991373994796947 15.133372149397802
-3.6568428788965712 -0.0050629840393367626 15.130923523364157
-2.730240061631859 4.798996917459119 16.727939708534294
-3.6576873698709043 3.198585906867599 18.321469355428814
-0.877988332587486 4.802751840147269 18.323963189645397
-0.8738781871209851 4.8015655965518285 15.133289149418612
-3.6534488797475304 3.1973652130327976 15.130840523384967
-2.726846062482822 8.001425114531253 16.727856708555105
-3.654293370721864 6.4010141039397315 18.321386355449626
-0.8745943334384416 8.0051800372194 18.323880189666212
-0.8704841879719446 8.00399379362396 15.133206149439422
-3.65005488059849 6.39979341010493 15.130757523405777
-2.7234520633337818 11.203853311603387 16.727773708575914
-3.650899371572823 9.603442301011865 18.321303355470434
-0.871200334289401 11.207608234291534 18.323797189687017
-0.867090188822904 11.206421990696095 15.133123149460232
-3.6466608814494452 9.60222160717706 15.130674523426588
-2.7200580641847374 14.40628150867552 16.72769070859673
-3.6475053724237827 12.805870498084 18.321220355491246
-0.8678063351403605 14.41003643136367 18.32371418970783
-0.8636961896738634 14.40885018776823 15.133040149481046
-3.643266882300405 12.804649804249197 15.130591523447398
-2.716664065035697 17.608709705747653 16.727607708617533
-3.644111373274738 16.00829869515613 18.321137355512054
-0.86441233599132 17.6124646284358 18.323631189728637
-0.8603021905248193 17.61127838484036 15.132957149501852
-3.639872883151364 16.00707800132133 15.130508523468208
-2.713270065886656 20.811137902819787 16.727524708638345
-3.6407173741257015 19.210726892228266 18.321054355532866
-0.8610183368422794 20.814892825507933 18.32354818974945
-0.8569081913757787 20.813706581912495 15.132874149522662
-3.6364788840023237 19.209506198393466 15.130425523489018
-2.7098760667376194 24.013566099891918 16.727441708659157
-3.6373233749766607 22.413155089300396 18.320971355553677
-0.8576243376932425 24.017321022580067 18.323465189770257
-0.8535141922267381 24.016134778984632 15.132791149543472
-3.6330848848532873 22.411934395465597 15.130342523509828
-2.7064820607808997 27.216000720386987 16.72735870851348
-3.633929369019945 25.615589709795465 18.320888355408005
-0.8542303317365265 27.219755643075132 18.32338218962459
-0.8501201862700257 27.218569399479694 15.132708149397802
-3.629690878896571 25.614369015960666 15.130259523364156
-3.630535369870904 28.818017906867595 18.320805355428817
-3.6262968797475303 28.8167972130328 15.130176523384968
2.8154627118857554 -4.802413090042894 16.733333708432355
4.667714774283237 -4.798658167001886 18.329357189852157
4.671824919749733 -4.799844410597325 15.138683149625372
8.371347823001889 -4.796532091399787 16.738478708535293
10.223599552046277 -4.792777168711637 18.334502189646397
10.227710030865872 -4.7939634119542145 15.143828149728309
13.927232934118027 -4.790651092756679 16.743623708638232
15.779484663162416 -4.786896170068528 18.339647189749332
15.783594808628909 -4.788082413663968 15.148973149522547
19.483117711881068 -4.7847700944664275 16.748768708432472
21.33536977427855 -4.781015171425422 18.34479218985227
21.33947991974504 -4.782201415020862 15.154118149625486
25.039002822997208 -4.778889095823321 16.75391370853541
26.891254552041588 -4.775134173135176 18.349937189646514
26.89536503086118 -4.77632041637775 15.159263149728424
30.594887934113345 -4.773008097180212 16.759058708638342
32.44713966315772 -4.769253174492064 18.35508218974945
32.451249808624226 -4.770439418087504 15.164408149522663
0.039188946133024656 -3.204130810208649 16.730663094578862
2.8188567110347957 -1.5999848929707607 16.733250708453166
1.8914094027957524 -3.2003959035622858 18.326780355347687
4.671108773432277 -1.5962299699297533 18.32927418987297
4.675218918898773 -1.597416213525196 15.138600149646185
1.8956478929191265 -3.201616597397081 15.136151523303838
5.59507405724916 -3.1982498115655407 16.735808094681794
8.37474182215093 -1.5941038943276518 16.7383957085561
7.447294513911892 -3.194514904919171 18.331925355450622
10.226993551195319 -1.5903489716395045 18.334419189667205
10.231104030014912 -1.591535214882084 15.143745149749122
7.451533004035265 -3.1957355987539753 15.141296523406774
11.150958835012199 -3.1923688132752917 16.740953094476037
13.93062693326707 -1.588222895684543 16.74354070865904
13.003179625028027 -3.188633906276065 18.337070355553557
15.782878662311454 -1.5844679729963986 18.339564189770144
15.786988807777947 -1.5856542165918353 15.148890149543359
13.0074181151514 -3.1898546001108663 15.146441523509713
16.706843946128338 -3.1864878146321853 16.746098094578976
19.486511711030108 -1.582341897394297 16.748685708453277
18.559064402791066 -3.1827529079858192 18.3422153553478
21.33876377342759 -1.578586974353287 18.344709189873083
21.34287391889408 -1.5797732179487265 15.1540351496463
18.563303226267543 -3.1839736014677578 15.151586523612652
22.262729057244474 -3.180606815989074 16.751243094681914
25.042396822146248 -1.5764608987511883 16.753830708556215
24.114949513907202 -3.176871909342707 18.347360355450736
26.894648551190627 -1.5727059760630382 18.34985418966732
26.89875903001022 -1.5738922193056206 15.159180149749234
24.11918800403058 -3.1780926031775114 15.15673152340689
27.818614168360615 -3.174725817345968 16.756388094784853
30.59828193326238 -1.5705799001080825 16.758975708659158
29.67083462502334 -3.1709909106996017 18.352505355553678
32.45053366230675 -1.566824977419932 18.354999189770258
32.454643807773266 -1.568011221015369 15.164325149543473
29.675073115146713 -3.172211604534403 15.161876523509829
0.06973495208974072 25.617735810286415 16.72991609443319
2.8494027169915124 27.221881727524305 16.732503708307494
1.9219554087524682 25.62147071693278 18.326033355202014
4.701654779388993 27.225636650565313 18.328527189727296
4.705764924855489 27.224450406969872 15.137853149500511
1.9261938988758425 25.62025002309798 15.135404523158165
5.6256200632058775 25.623616808929526 16.735061094536128
8.405287828107648 27.227762726167413 16.737648708410433
7.477840519868608 25.62735171557589 18.331178355304953
10.257539557152029 27.23151764885556 18.333672189521533
10.261649702618527 27.230331405260124 15.14299814929475
7.482079009991981 25.62613102174109 15.140549523261104
11.181504840968916 25.629497807219774 16.740206094330365
13.961172939223788 27.23364372481052 16.742793708513368
13.033725630984742 25.633232714218998 18.336323355407888
15.81342466826817 27.237398647498665 18.33881718962447
15.817534813734664 27.236212403903227 15.148143149397686
13.037964121108118 25.6320120203842 15.145694523364043
16.737389952085053 25.635378805862885 16.745351094433303
19.517058050339923 27.23952472345363 16.747938708616307
18.58961040874778 25.639113712509246 18.341468355202128
21.369309779384306 27.243279646141776 18.34396218972741
21.373419924850786 27.242093402546338 15.153288149500625
18.59384889887116 25.637893018674447 15.15083952315828
22.293275063201193 25.641259804505992 16.750496094536242
25.07294282810296 27.24540572174388 16.753083708410546
24.145495519863918 25.644994711152357 18.346613355305063
26.925194557147346 27.249160644432024 18.34910718952165
26.929305035966927 27.247974401189445 15.158433149603567
24.14973400998729 25.643774017317558 15.15598452326122
27.84916017431733 25.6471408031491 16.75564109463918
30.628827939219104 27.251286720386986 16.75822870851348
29.701380630980058 25.650875709795464 18.351758355408005
32.48107966826347 27.25504164307513 18.35425218962459
32.485189813729974 27.253855399479693 15.163578149397802
29.705619121103428 25.649655015960665 15.161129523364156
0.07312895123878128 28.820164007358546 16.729833094454
1.9253494079015088 28.82389891400491 18.325950355222822
1.929587898024883 28.822678220170115 15.135321523178977
5.629014062354919 28.826045006001657 16.734978094556936
7.481234519017648 28.82977991264802 18.33109535532576
7.485473009141021 28.828559218813226 15.140466523281914
11.184898840117958 28.831926004291905 16.740123094351176
13.037119630133784 28.83566091129113 18.3362403554287
13.041358120257158 28.834440217456333 15.145611523384853
16.740783951234096 28.837807002935016 16.745268094454115
18.59300440789682 28.841541909581377 18.34138535522294
18.5972428980202 28.84032121574658 15.15075652317909
22.296669062350237 28.843688001578123 16.750413094557054
24.148889519012965 28.847422908224488 18.34653035532588
24.15312800913633 28.846202214389685 15.15590152328203
27.85255417346637 28.84956900022123 16.75555809465999
29.704774630129098 28.853303906867595 18.351675355428817
29.709013120252468 28.8520832130328 15.161046523384966
36.15077271188575 -4.7671270900428935 16.76420370843235
33.37449894613302 -3.168844810208649 16.761533094578862
36.15416671103479 -1.5646988929707606 16.764120708453166
35.22671940279575 -3.1651099035622856 18.357650355347687
35.23095789291913 -3.166330597397081 15.167021523303838
33.377892952089745 0.03358981028641666 16.76145009443319
36.15756071699151 1.637735727524304 16.764037708307495
35.230113408752466 0.0373247169327833 18.357567355202015
35.23435189887584 0.03610402309798141 15.166938523158166
33.381286951238785 3.2360180073585503 16.761367094454
36.16095471614055 4.840163924596439 16.763954708328303
35.233507407901506 3.239752914004917 18.35748435522282
35.23774589802488 3.238532220170115 15.166855523178976
33.384680950387825 6.438446204430684 16.76128409447481
36.16434871528959 8.042592121668571 16.763871708349114
35.236901407050546 6.44218111107705 18.357401355243635
35.24113989717392 6.440960417242248 15.166772523199786
33.388074949536865 9.640874401502815 16.76120109449562
36.16774271443863 11.245020318740703 16.763788708369926
35.240295406199586 9.644609308149183 18.357318355264447
35.24453389632296 9.643388614314382 15.166689523220596
33.391468948685905 12.84330259857495 16.76111809451643
36.17113671358767 14.447448515812837 16.76370570839073
35.243689405348626 12.847037505221316 18.357235355285255
35.247927895472 12.845816811386518 15.166606523241407
33.394862947834945 16.045730795647085 16.76103509453724
36.17453071273671 17.649876712884968 16.763622708411546
35.24708340449767 16.04946570229345 18.357152355306066
35.25132189462104 16.048245008458647 15.166523523262217
33.398256946983985 19.24815899271922 16.76095209455805
36.17792471188575 20.852304909957105 16.763539708432354
35.25047773699981 19.251893899718443 18.357069355635574
35.25471589377008 19.250673205530784 15.166440523283027
33.401650946133024 22.450587189791353 16.76086909457886
36.18131871103479 24.054733107029236 16.763456708453166
35.25387140279575 22.45432209643771 18.356986355347686
35.25810989291913 22.45310140260292 15.166357523303837
33.40504495208974 25.65302181028642 16.76078609443319
36.184712716991505 27.257167727524305 16.763373708307494
35.25726540875247 25.65675671693278 18.356903355202014
35.261503898875844 25.65553602309798 15.166274523158165
33.408438951238786 28.85545000735855 16.760703094453998
35.26065940790151 28.85918491400491 18.356820355222823
35.264897898024884 28.857964220170114 15.166191523178975
