0 2 5 289 290 291 292 293 294 295 297 300 361 363 366 36 38 41 296 298 299 301 302 303 304 305 343 362 364 365 1 3 4
1 0 2 5 293 294 363 366 36 38 41 72 74 77 298 299 303 304 6 8 11 362 364 365 367 3 4 37 39 40 42 44 47
2 0 5 291 293 294 361 363 366 36 38 41 296 298 299 303 6 343 344 362 364 365 367 1 3 4 37 42
3 0 2 5 36 38 41 74 6 8 11 362 364 365 367 369 1 4 37 39 40 42 44 47 78 368 7 43
4 0 2 5 36 38 41 77 6 8 11 362 364 365 367 372 1 3 37 39 40 42 44 47 78 368 7 43
5 0 2 291 293 294 361 363 366 36 38 41 296 298 299 304 6 343 345 362 364 365 367 1 3 4 37 42
6 2 5 363 366 38 41 8 11 344 345 362 364 365 367 369 372 1 3 4 37 39 40 42 44 47 346 368 370 371 7 9 10
7 6 8 11 364 365 369 372 3 4 39 40 42 44 47 78 80 83 12 14 17 368 370 371 373 9 10 43 45 46 48 50 53
8 6 11 362 364 365 367 369 372 1 3 4 39 42 44 47 12 346 347 368 370 371 373 7 9 10 43 48
9 6 8 11 42 44 47 80 12 14 17 368 370 371 373 375 7 10 43 45 46 48 50 53 84 374 13 49
10 6 8 11 42 44 47 83 12 14 17 368 370 371 373 378 7 9 43 45 46 48 50 53 84 374 13 49
11 6 8 362 364 365 367 369 372 1 3 4 40 42 44 47 12 346 348 368 370 371 373 7 9 10 43 48
12 8 11 369 372 44 47 14 17 347 348 368 370 371 373 375 378 7 9 10 43 45 46 48 50 53 349 374 376 377 13 15 16
13 12 14 17 370 371 375 378 9 10 45 46 48 50 53 84 86 89 18 20 23 374 376 377 379 15 16 49 51 52 54 56 59
14 12 17 368 370 371 373 375 378 7 9 10 45 48 50 53 18 349 350 374 376 377 379 13 15 16 49 54
15 12 14 17 48 50 53 86 18 20 23 374 376 377 379 381 13 16 49 51 52 54 56 59 90 380 19 55
16 12 14 17 48 50 53 89 18 20 23 374 376 377 379 384 13 15 49 51 52 54 56 59 90 380 19 55
17 12 14 368 370 371 373 375 378 7 9 10 46 48 50 53 18 349 351 374 376 377 379 13 15 16 49 54
18 14 17 375 378 50 53 20 23 350 351 374 376 377 379 381 384 13 15 16 49 51 52 54 56 59 352 380 382 383 19 21 22
19 18 20 23 376 377 381 384 15 16 51 52 54 56 59 90 92 95 24 26 29 380 382 383 385 21 22 55 57 58 60 62 65
20 18 23 374 376 377 379 381 384 13 15 16 51 54 56 59 24 352 353 380 382 383 385 19 21 22 55 60
21 18 20 23 54 56 59 92 24 26 29 380 382 383 385 387 19 22 55 57 58 60 62 65 96 386 25 61
22 18 20 23 54 56 59 95 24 26 29 380 382 383 385 390 19 21 55 57 58 60 62 65 96 386 25 61
23 18 20 374 376 377 379 381 384 13 15 16 52 54 56 59 24 352 354 380 382 383 385 19 21 22 55 60
24 20 23 381 384 56 59 26 29 353 354 380 382 383 385 387 390 19 21 22 55 57 58 60 62 65 355 386 388 389 25 27 28
25 24 26 29 382 383 387 390 21 22 57 58 60 62 65 96 98 101 30 32 35 386 388 389 391 27 28 61 63 64 66 68 71
26 24 29 380 382 383 385 387 390 19 21 22 57 60 62 65 30 355 356 386 388 389 391 25 27 28 61 66
27 24 26 29 60 62 65 98 30 32 35 386 388 389 391 393 25 28 61 63 64 66 68 71 102 392 31 67
28 24 26 29 60 62 65 101 30 32 35 386 388 389 391 396 25 27 61 63 64 66 68 71 102 392 31 67
29 24 26 380 382 383 385 387 390 19 21 22 58 60 62 65 30 355 357 386 388 389 391 25 27 28 61 66
30 26 29 387 390 62 65 32 35 356 357 386 388 389 391 393 396 25 27 28 61 63 64 66 68 71 358 392 394 395 31 33 34
31 30 32 35 388 389 393 396 27 28 63 64 66 68 71 102 104 107 392 394 395 452 456 458 459 33 34 67 69 70 460 462 463
32 30 35 386 388 389 391 393 396 25 27 28 63 66 68 71 358 359 392 394 395 452 456 31 33 34 67 460
33 30 32 35 66 68 71 104 392 394 395 452 453 454 456 458 459 31 34 67 69 70 457 460 461 462 463 464
34 30 32 35 66 68 71 107 392 394 395 452 453 455 456 458 459 31 33 67 69 70 457 460 461 462 463 464
35 30 32 386 388 389 391 393 396 25 27 28 64 66 68 71 358 360 392 394 395 452 456 31 33 34 67 460
36 0 2 5 293 294 297 300 38 41 72 74 77 296 298 299 301 302 303 304 305 307 310 306 308 309 362 1 3 4 37 39 40
37 2 5 36 38 41 72 74 77 298 299 303 304 108 110 113 308 309 6 1 3 4 39 40 42 44 47 78 80 83 73 75 76
38 0 2 5 36 41 72 74 77 296 298 299 301 303 304 308 6 362 364 1 3 4 37 39 40 42 78 73
39 36 38 41 72 74 77 110 6 8 1 3 4 37 40 42 44 47 78 80 83 73 75 76 114 7 43 79
40 36 38 41 72 74 77 113 6 11 1 3 4 37 39 42 44 47 78 80 83 73 75 76 114 7 43 79
41 0 2 5 36 38 72 74 77 296 298 299 301 303 304 309 6 362 365 1 3 4 37 39 40 42 78 73
42 2 5 38 41 74 77 6 8 11 364 365 1 3 4 37 39 40 44 47 78 80 83 73 75 76 368 7 9 10 43 45 46
43 8 11 3 4 39 40 42 44 47 78 80 83 75 76 114 116 119 12 7 9 10 45 46 48 50 53 79 81 82 84 86 89
44 6 8 11 1 3 4 37 39 40 42 47 78 80 83 75 12 368 370 7 9 10 43 45 46 48 79 84
45 42 44 47 78 80 83 116 12 14 7 9 10 43 46 48 50 53 79 81 82 84 86 89 120 13 49 85
46 42 44 47 78 80 83 119 12 17 7 9 10 43 45 48 50 53 79 81 82 84 86 89 120 13 49 85
47 6 8 11 1 3 4 37 39 40 42 44 78 80 83 76 12 368 371 7 9 10 43 45 46 48 79 84
48 8 11 44 47 80 83 12 14 17 370 371 7 9 10 43 45 46 50 53 79 81 82 84 86 89 374 13 15 16 49 51 52
49 14 17 9 10 45 46 48 50 53 81 82 84 86 89 120 122 125 18 13 15 16 51 52 54 56 59 85 87 88 90 92 95
50 12 14 17 7 9 10 43 45 46 48 53 81 84 86 89 18 374 376 13 15 16 49 51 52 54 85 90
51 48 50 53 84 86 89 122 18 20 13 15 16 49 52 54 56 59 85 87 88 90 92 95 126 19 55 91
52 48 50 53 84 86 89 125 18 23 13 15 16 49 51 54 56 59 85 87 88 90 92 95 126 19 55 91
53 12 14 17 7 9 10 43 45 46 48 50 82 84 86 89 18 374 377 13 15 16 49 51 52 54 85 90
54 14 17 50 53 86 89 18 20 23 376 377 13 15 16 49 51 52 56 59 85 87 88 90 92 95 380 19 21 22 55 57 58
55 20 23 15 16 51 52 54 56 59 87 88 90 92 95 126 128 131 24 19 21 22 57 58 60 62 65 91 93 94 96 98 101
56 18 20 23 13 15 16 49 51 52 54 59 87 90 92 95 24 380 382 19 21 22 55 57 58 60 91 96
57 54 56 59 90 92 95 128 24 26 19 21 22 55 58 60 62 65 91 93 94 96 98 101 132 25 61 97
58 54 56 59 90 92 95 131 24 29 19 21 22 55 57 60 62 65 91 93 94 96 98 101 132 25 61 97
59 18 20 23 13 15 16 49 51 52 54 56 88 90 92 95 24 380 383 19 21 22 55 57 58 60 91 96
60 20 23 56 59 92 95 24 26 29 382 383 19 21 22 55 57 58 62 65 91 93 94 96 98 101 386 25 27 28 61 63 64
61 26 29 21 22 57 58 60 62 65 93 94 96 98 101 132 134 137 30 25 27 28 63 64 66 68 71 97 99 100 102 104 107
62 24 26 29 19 21 22 55 57 58 60 65 93 96 98 101 30 386 388 25 27 28 61 63 64 66 97 102
63 60 62 65 96 98 101 134 30 32 25 27 28 61 64 66 68 71 97 99 100 102 104 107 138 31 67 103
64 60 62 65 96 98 101 137 30 35 25 27 28 61 63 66 68 71 97 99 100 102 104 107 138 31 67 103
65 24 26 29 19 21 22 55 57 58 60 62 94 96 98 101 30 386 389 25 27 28 61 63 64 66 97 102
66 26 29 62 65 98 101 30 32 35 388 389 25 27 28 61 63 64 68 71 97 99 100 102 104 107 392 31 33 34 67 69 70
67 32 35 27 28 63 64 66 68 71 99 100 102 104 107 138 140 143 456 31 33 34 69 70 460 462 463 103 105 106 464 466 467
68 30 32 35 25 27 28 61 63 64 66 71 99 102 104 107 392 394 456 31 33 34 67 69 70 460 103 464
69 66 68 71 102 104 107 140 456 458 31 33 34 67 70 457 460 461 462 463 103 105 106 464 465 466 467 468
70 66 68 71 102 104 107 143 456 459 31 33 34 67 69 457 460 461 462 463 103 105 106 464 465 466 467 468
71 30 32 35 25 27 28 61 63 64 66 68 100 102 104 107 392 395 456 31 33 34 67 69 70 460 103 464
72 36 38 41 74 77 298 299 301 302 303 304 305 307 310 108 110 113 306 308 309 311 312 313 314 315 1 37 39 40 73 75 76
73 38 41 72 74 77 303 304 108 110 113 308 309 313 314 144 146 149 37 39 40 42 78 80 83 75 76 109 111 112 114 116 119
74 36 38 41 72 77 301 303 304 108 110 113 306 308 309 313 1 3 37 39 40 42 78 73 75 76 109 114
75 72 74 77 108 110 113 146 37 39 40 42 44 78 80 83 73 76 109 111 112 114 116 119 150 43 79 115
76 72 74 77 108 110 113 149 37 39 40 42 47 78 80 83 73 75 109 111 112 114 116 119 150 43 79 115
77 36 38 41 72 74 301 303 304 108 110 113 306 308 309 314 1 4 37 39 40 42 78 73 75 76 109 114
78 38 41 74 77 110 113 3 4 37 39 40 42 44 47 80 83 73 75 76 109 111 112 114 116 119 7 43 45 46 79 81 82
79 39 40 44 47 78 80 83 75 76 111 112 114 116 119 150 152 155 43 45 46 48 81 82 84 86 89 115 117 118 120 122 125
80 37 39 40 42 44 47 78 83 73 75 76 111 114 116 119 7 9 43 45 46 48 79 81 82 84 115 120
81 78 80 83 114 116 119 152 43 45 46 48 50 79 82 84 86 89 115 117 118 120 122 125 156 49 85 121
82 78 80 83 114 116 119 155 43 45 46 48 53 79 81 84 86 89 115 117 118 120 122 125 156 49 85 121
83 37 39 40 42 44 47 78 80 73 75 76 112 114 116 119 7 10 43 45 46 48 79 81 82 84 115 120
84 44 47 80 83 116 119 9 10 43 45 46 48 50 53 79 81 82 86 89 115 117 118 120 122 125 13 49 51 52 85 87 88
85 45 46 50 53 81 82 84 86 89 117 118 120 122 125 156 158 161 49 51 52 54 87 88 90 92 95 121 123 124 126 128 131
86 43 45 46 48 50 53 79 81 82 84 89 117 120 122 125 13 15 49 51 52 54 85 87 88 90 121 126
87 84 86 89 120 122 125 158 49 51 52 54 56 85 88 90 92 95 121 123 124 126 128 131 162 55 91 127
88 84 86 89 120 122 125 161 49 51 52 54 59 85 87 90 92 95 121 123 124 126 128 131 162 55 91 127
89 43 45 46 48 50 53 79 81 82 84 86 118 120 122 125 13 16 49 51 52 54 85 87 88 90 121 126
90 50 53 86 89 122 125 15 16 49 51 52 54 56 59 85 87 88 92 95 121 123 124 126 128 131 19 55 57 58 91 93 94
91 51 52 56 59 87 88 90 92 95 123 124 126 128 131 162 164 167 55 57 58 60 93 94 96 98 101 127 129 130 132 134 137
92 49 51 52 54 56 59 85 87 88 90 95 123 126 128 131 19 21 55 57 58 60 91 93 94 96 127 132
93 90 92 95 126 128 131 164 55 57 58 60 62 91 94 96 98 101 127 129 130 132 134 137 168 61 97 133
94 90 92 95 126 128 131 167 55 57 58 60 65 91 93 96 98 101 127 129 130 132 134 137 168 61 97 133
95 49 51 52 54 56 59 85 87 88 90 92 124 126 128 131 19 22 55 57 58 60 91 93 94 96 127 132
96 56 59 92 95 128 131 21 22 55 57 58 60 62 65 91 93 94 98 101 127 129 130 132 134 137 25 61 63 64 97 99 100
97 57 58 62 65 93 94 96 98 101 129 130 132 134 137 168 170 173 61 63 64 66 99 100 102 104 107 133 135 136 138 140 143
98 55 57 58 60 62 65 91 93 94 96 101 129 132 134 137 25 27 61 63 64 66 97 99 100 102 133 138
99 96 98 101 132 134 137 170 61 63 64 66 68 97 100 102 104 107 133 135 136 138 140 143 174 67 103 139
100 96 98 101 132 134 137 173 61 63 64 66 71 97 99 102 104 107 133 135 136 138 140 143 174 67 103 139
101 55 57 58 60 62 65 91 93 94 96 98 130 132 134 137 25 28 61 63 64 66 97 99 100 102 133 138
102 62 65 98 101 134 137 27 28 61 63 64 66 68 71 97 99 100 104 107 133 135 136 138 140 143 31 67 69 70 103 105 106
103 63 64 68 71 99 100 102 104 107 135 136 138 140 143 174 176 179 67 69 70 460 105 106 139 141 142 464 466 467 468 470 471
104 61 63 64 66 68 71 97 99 100 102 107 135 138 140 143 31 33 67 69 70 460 103 105 106 139 464 468
105 102 104 107 138 140 143 176 67 69 70 460 461 462 103 106 139 141 142 464 465 466 467 468 469 470 471 472
106 102 104 107 138 140 143 179 67 69 70 460 461 463 103 105 139 141 142 464 465 466 467 468 469 470 471 472
107 61 63 64 66 68 71 97 99 100 102 104 136 138 140 143 31 34 67 69 70 460 103 105 106 139 464 468
108 72 74 77 303 304 307 310 110 113 306 308 309 311 312 313 314 315 144 146 149 316 317 318 319 320 37 73 75 76 109 111 112
109 74 77 108 110 113 308 309 313 314 144 146 149 180 182 185 318 319 78 73 75 76 111 112 114 116 119 145 147 148 150 152 155
110 72 74 77 108 113 306 308 309 311 313 314 144 146 149 318 37 39 78 73 75 76 109 111 112 114 145 150
111 108 110 113 144 146 149 182 78 80 73 75 76 109 112 114 116 119 145 147 148 150 152 155 186 79 115 151
112 108 110 113 144 146 149 185 78 83 73 75 76 109 111 114 116 119 145 147 148 150 152 155 186 79 115 151
113 72 74 77 108 110 306 308 309 311 313 314 144 146 149 319 37 40 78 73 75 76 109 111 112 114 145 150
114 74 77 110 113 146 149 39 40 78 80 83 73 75 76 109 111 112 116 119 145 147 148 150 152 155 43 79 81 82 115 117 118
115 80 83 75 76 111 112 114 116 119 147 148 150 152 155 186 188 191 79 81 82 84 117 118 120 122 125 151 153 154 156 158 161
116 78 80 83 73 75 76 109 111 112 114 119 147 150 152 155 43 45 79 81 82 84 115 117 118 120 151 156
117 114 116 119 150 152 155 188 79 81 82 84 86 115 118 120 122 125 151 153 154 156 158 161 192 85 121 157
118 114 116 119 150 152 155 191 79 81 82 84 89 115 117 120 122 125 151 153 154 156 158 161 192 85 121 157
119 78 80 83 73 75 76 109 111 112 114 116 148 150 152 155 43 46 79 81 82 84 115 117 118 120 151 156
120 80 83 116 119 152 155 45 46 79 81 82 84 86 89 115 117 118 122 125 151 153 154 156 158 161 49 85 87 88 121 123 124
121 81 82 86 89 117 118 120 122 125 153 154 156 158 161 192 194 197 85 87 88 90 123 124 126 128 131 157 159 160 162 164 167
122 79 81 82 84 86 89 115 117 118 120 125 153 156 158 161 49 51 85 87 88 90 121 123 124 126 157 162
123 120 122 125 156 158 161 194 85 87 88 90 92 121 124 126 128 131 157 159 160 162 164 167 198 91 127 163
124 120 122 125 156 158 161 197 85 87 88 90 95 121 123 126 128 131 157 159 160 162 164 167 198 91 127 163
125 79 81 82 84 86 89 115 117 118 120 122 154 156 158 161 49 52 85 87 88 90 121 123 124 126 157 162
126 86 89 122 125 158 161 51 52 85 87 88 90 92 95 121 123 124 128 131 157 159 160 162 164 167 55 91 93 94 127 129 130
127 87 88 92 95 123 124 126 128 131 159 160 162 164 167 198 200 203 91 93 94 96 129 130 132 134 137 163 165 166 168 170 173
128 85 87 88 90 92 95 121 123 124 126 131 159 162 164 167 55 57 91 93 94 96 127 129 130 132 163 168
129 126 128 131 162 164 167 200 91 93 94 96 98 127 130 132 134 137 163 165 166 168 170 173 204 97 133 169
130 126 128 131 162 164 167 203 91 93 94 96 101 127 129 132 134 137 163 165 166 168 170 173 204 97 133 169
131 85 87 88 90 92 95 121 123 124 126 128 160 162 164 167 55 58 91 93 94 96 127 129 130 132 163 168
132 92 95 128 131 164 167 57 58 91 93 94 96 98 101 127 129 130 134 137 163 165 166 168 170 173 61 97 99 100 133 135 136
133 93 94 98 101 129 130 132 134 137 165 166 168 170 173 204 206 209 97 99 100 102 135 136 138 140 143 169 171 172 174 176 179
134 91 93 94 96 98 101 127 129 130 132 137 165 168 170 173 61 63 97 99 100 102 133 135 136 138 169 174
135 132 134 137 168 170 173 206 97 99 100 102 104 133 136 138 140 143 169 171 172 174 176 179 210 103 139 175
136 132 134 137 168 170 173 209 97 99 100 102 107 133 135 138 140 143 169 171 172 174 176 179 210 103 139 175
137 91 93 94 96 98 101 127 129 130 132 134 166 168 170 173 61 64 97 99 100 102 133 135 136 138 169 174
138 98 101 134 137 170 173 63 64 97 99 100 102 104 107 133 135 136 140 143 169 171 172 174 176 179 67 103 105 106 139 141 142
139 99 100 104 107 135 136 138 140 143 171 172 174 176 179 210 212 215 103 105 106 141 142 464 468 470 471 175 177 178 472 474 475
140 97 99 100 102 104 107 133 135 136 138 143 171 174 176 179 67 69 103 105 106 139 141 142 464 468 175 472
141 138 140 143 174 176 179 212 103 105 106 139 142 464 465 466 468 469 470 471 175 177 178 472 473 474 475 476
142 138 140 143 174 176 179 215 103 105 106 139 141 464 465 467 468 469 470 471 175 177 178 472 473 474 475 476
143 97 99 100 102 104 107 133 135 136 138 140 172 174 176 179 67 70 103 105 106 139 141 142 464 468 175 472
144 108 110 113 308 309 311 312 313 314 315 146 149 180 182 185 316 317 318 319 320 321 322 323 324 325 73 109 111 112 145 147 148
145 110 113 313 314 144 146 149 180 182 185 318 319 323 324 216 218 221 109 111 112 114 147 148 150 152 155 181 183 184 186 188 191
146 108 110 113 311 313 314 144 149 180 182 185 316 318 319 323 73 75 109 111 112 114 145 147 148 150 181 186
147 144 146 149 180 182 185 218 109 111 112 114 116 145 148 150 152 155 181 183 184 186 188 191 222 115 151 187
148 144 146 149 180 182 185 221 109 111 112 114 119 145 147 150 152 155 181 183 184 186 188 191 222 115 151 187
149 108 110 113 311 313 314 144 146 180 182 185 316 318 319 324 73 76 109 111 112 114 145 147 148 150 181 186
150 110 113 146 149 182 185 75 76 109 111 112 114 116 119 145 147 148 152 155 181 183 184 186 188 191 79 115 117 118 151 153 154
151 111 112 116 119 147 148 150 152 155 183 184 186 188 191 222 224 227 115 117 118 120 153 154 156 158 161 187 189 190 192 194 197
152 109 111 112 114 116 119 145 147 148 150 155 183 186 188 191 79 81 115 117 118 120 151 153 154 156 187 192
153 150 152 155 186 188 191 224 115 117 118 120 122 151 154 156 158 161 187 189 190 192 194 197 228 121 157 193
154 150 152 155 186 188 191 227 115 117 118 120 125 151 153 156 158 161 187 189 190 192 194 197 228 121 157 193
155 109 111 112 114 116 119 145 147 148 150 152 184 186 188 191 79 82 115 117 118 120 151 153 154 156 187 192
156 116 119 152 155 188 191 81 82 115 117 118 120 122 125 151 153 154 158 161 187 189 190 192 194 197 85 121 123 124 157 159 160
157 117 118 122 125 153 154 156 158 161 189 190 192 194 197 228 230 233 121 123 124 126 159 160 162 164 167 193 195 196 198 200 203
158 115 117 118 120 122 125 151 153 154 156 161 189 192 194 197 85 87 121 123 124 126 157 159 160 162 193 198
159 156 158 161 192 194 197 230 121 123 124 126 128 157 160 162 164 167 193 195 196 198 200 203 234 127 163 199
160 156 158 161 192 194 197 233 121 123 124 126 131 157 159 162 164 167 193 195 196 198 200 203 234 127 163 199
161 115 117 118 120 122 125 151 153 154 156 158 190 192 194 197 85 88 121 123 124 126 157 159 160 162 193 198
162 122 125 158 161 194 197 87 88 121 123 124 126 128 131 157 159 160 164 167 193 195 196 198 200 203 91 127 129 130 163 165 166
163 123 124 128 131 159 160 162 164 167 195 196 198 200 203 234 236 239 127 129 130 132 165 166 168 170 173 199 201 202 204 206 209
164 121 123 124 126 128 131 157 159 160 162 167 195 198 200 203 91 93 127 129 130 132 163 165 166 168 199 204
165 162 164 167 198 200 203 236 127 129 130 132 134 163 166 168 170 173 199 201 202 204 206 209 240 133 169 205
166 162 164 167 198 200 203 239 127 129 130 132 137 163 165 168 170 173 199 201 202 204 206 209 240 133 169 205
167 121 123 124 126 128 131 157 159 160 162 164 196 198 200 203 91 94 127 129 130 132 163 165 166 168 199 204
168 128 131 164 167 200 203 93 94 127 129 130 132 134 137 163 165 166 170 173 199 201 202 204 206 209 97 133 135 136 169 171 172
169 129 130 134 137 165 166 168 170 173 201 202 204 206 209 240 242 245 133 135 136 138 171 172 174 176 179 210 212 215 205 207 208
170 127 129 130 132 134 137 163 165 166 168 173 201 204 206 209 97 99 133 135 136 138 169 171 172 174 210 205
171 168 170 173 204 206 209 242 133 135 136 138 140 169 172 174 176 179 210 212 215 205 207 208 246 139 175 211
172 168 170 173 204 206 209 245 133 135 136 138 143 169 171 174 176 179 210 212 215 205 207 208 246 139 175 211
173 127 129 130 132 134 137 163 165 166 168 170 202 204 206 209 97 100 133 135 136 138 169 171 172 174 210 205
174 134 137 170 173 206 209 99 100 133 135 136 138 140 143 169 171 172 176 179 210 212 215 205 207 208 103 139 141 142 175 177 178
175 135 136 140 143 171 172 174 176 179 210 212 215 207 208 246 248 251 139 141 142 468 177 178 472 474 475 476 478 479 211 213 214
176 133 135 136 138 140 143 169 171 172 174 179 210 212 215 207 103 105 139 141 142 468 175 177 178 472 476 211
177 174 176 179 210 212 215 248 139 141 142 468 469 470 175 178 472 473 474 475 476 478 479 211 213 214 477 480
178 174 176 179 210 212 215 251 139 141 142 468 469 471 175 177 472 473 474 475 476 478 479 211 213 214 477 480
179 133 135 136 138 140 143 169 171 172 174 176 210 212 215 208 103 106 139 141 142 468 175 177 178 472 476 211
180 313 314 144 146 149 182 185 316 317 318 319 320 321 322 323 324 325 216 218 221 326 327 328 329 330 109 145 147 148 181 183 184
181 146 149 180 182 185 318 319 323 324 216 218 221 252 254 257 328 329 145 147 148 150 183 184 186 188 191 217 219 220 222 224 227
182 144 146 149 180 185 316 318 319 321 323 324 216 218 221 328 109 111 145 147 148 150 181 183 184 186 217 222
183 180 182 185 216 218 221 254 145 147 148 150 152 181 184 186 188 191 217 219 220 222 224 227 258 151 187 223
184 180 182 185 216 218 221 257 145 147 148 150 155 181 183 186 188 191 217 219 220 222 224 227 258 151 187 223
185 144 146 149 180 182 316 318 319 321 323 324 216 218 221 329 109 112 145 147 148 150 181 183 184 186 217 222
186 146 149 182 185 218 221 111 112 145 147 148 150 152 155 181 183 184 188 191 217 219 220 222 224 227 115 151 153 154 187 189 190
187 147 148 152 155 183 184 186 188 191 219 220 222 224 227 258 260 263 151 153 154 156 189 190 192 194 197 223 225 226 228 230 233
188 145 147 148 150 152 155 181 183 184 186 191 219 222 224 227 115 117 151 153 154 156 187 189 190 192 223 228
189 186 188 191 222 224 227 260 151 153 154 156 158 187 190 192 194 197 223 225 226 228 230 233 264 157 193 229
190 186 188 191 222 224 227 263 151 153 154 156 161 187 189 192 194 197 223 225 226 228 230 233 264 157 193 229
191 145 147 148 150 152 155 181 183 184 186 188 220 222 224 227 115 118 151 153 154 156 187 189 190 192 223 228
192 152 155 188 191 224 227 117 118 151 153 154 156 158 161 187 189 190 194 197 223 225 226 228 230 233 121 157 159 160 193 195 196
193 153 154 158 161 189 190 192 194 197 225 226 228 230 233 264 266 269 157 159 160 162 195 196 198 200 203 229 231 232 234 236 239
194 151 153 154 156 158 161 187 189 190 192 197 225 228 230 233 121 123 157 159 160 162 193 195 196 198 229 234
195 192 194 197 228 230 233 266 157 159 160 162 164 193 196 198 200 203 229 231 232 234 236 239 270 163 199 235
196 192 194 197 228 230 233 269 157 159 160 162 167 193 195 198 200 203 229 231 232 234 236 239 270 163 199 235
197 151 153 154 156 158 161 187 189 190 192 194 226 228 230 233 121 124 157 159 160 162 193 195 196 198 229 234
198 158 161 194 197 230 233 123 124 157 159 160 162 164 167 193 195 196 200 203 229 231 232 234 236 239 127 163 165 166 199 201 202
199 159 160 164 167 195 196 198 200 203 231 232 234 236 239 270 272 275 163 165 166 168 201 202 204 206 209 235 237 238 240 242 245
200 157 159 160 162 164 167 193 195 196 198 203 231 234 236 239 127 129 163 165 166 168 199 201 202 204 235 240
201 198 200 203 234 236 239 272 163 165 166 168 170 199 202 204 206 209 235 237 238 240 242 245 276 169 205 241
202 198 200 203 234 236 239 275 163 165 166 168 173 199 201 204 206 209 235 237 238 240 242 245 276 169 205 241
203 157 159 160 162 164 167 193 195 196 198 200 232 234 236 239 127 130 163 165 166 168 199 201 202 204 235 240
204 164 167 200 203 236 239 129 130 163 165 166 168 170 173 199 201 202 206 209 235 237 238 240 242 245 133 169 171 172 205 207 208
205 165 166 170 173 201 202 204 206 209 237 238 240 242 245 276 278 281 169 171 172 174 210 212 215 207 208 241 243 244 246 248 251
206 163 165 166 168 170 173 199 201 202 204 209 237 240 242 245 133 135 169 171 172 174 210 205 207 208 241 246
207 204 206 209 240 242 245 278 169 171 172 174 176 210 212 215 205 208 241 243 244 246 248 251 282 175 211 247
208 204 206 209 240 242 245 281 169 171 172 174 179 210 212 215 205 207 241 243 244 246 248 251 282 175 211 247
209 163 165 166 168 170 173 199 201 202 204 206 238 240 242 245 133 136 169 171 172 174 210 205 207 208 241 246
210 170 173 206 209 242 245 135 136 169 171 172 174 176 179 212 215 205 207 208 241 243 244 246 248 251 139 175 177 178 211 213 214
211 171 172 176 179 210 212 215 207 208 243 244 246 248 251 282 284 287 175 177 178 472 476 478 479 213 214 247 249 250 480 482 483
212 169 171 172 174 176 179 210 215 205 207 208 243 246 248 251 139 141 175 177 178 472 476 211 213 214 247 480
213 210 212 215 246 248 251 284 175 177 178 472 473 474 476 478 479 211 214 247 249 250 477 480 481 482 483 484
214 210 212 215 246 248 251 287 175 177 178 472 473 475 476 478 479 211 213 247 249 250 477 480 481 482 483 484
215 169 171 172 174 176 179 210 212 205 207 208 244 246 248 251 139 142 175 177 178 472 476 211 213 214 247 480
216 180 182 185 318 319 321 322 323 324 325 218 221 252 254 257 326 327 328 329 330 332 335 331 333 334 145 181 183 184 217 219 220
217 182 185 323 324 216 218 221 252 254 257 328 329 333 334 397 399 402 181 183 184 186 219 220 222 224 227 258 260 263 253 255 256
218 180 182 185 321 323 324 216 221 252 254 257 326 328 329 333 145 147 181 183 184 186 217 219 220 222 258 253
219 216 218 221 252 254 257 399 181 183 184 186 188 217 220 222 224 227 258 260 263 253 255 256 403 187 223 259
220 216 218 221 252 254 257 402 181 183 184 186 191 217 219 222 224 227 258 260 263 253 255 256 403 187 223 259
221 180 182 185 321 323 324 216 218 252 254 257 326 328 329 334 145 148 181 183 184 186 217 219 220 222 258 253
222 182 185 218 221 254 257 147 148 181 183 184 186 188 191 217 219 220 224 227 258 260 263 253 255 256 151 187 189 190 223 225 226
223 183 184 188 191 219 220 222 224 227 258 260 263 255 256 403 405 408 187 189 190 192 225 226 228 230 233 264 266 269 259 261 262
224 181 183 184 186 188 191 217 219 220 222 227 258 260 263 255 151 153 187 189 190 192 223 225 226 228 264 259
225 222 224 227 258 260 263 405 187 189 190 192 194 223 226 228 230 233 264 266 269 259 261 262 409 193 229 265
226 222 224 227 258 260 263 408 187 189 190 192 197 223 225 228 230 233 264 266 269 259 261 262 409 193 229 265
227 181 183 184 186 188 191 217 219 220 222 224 258 260 263 256 151 154 187 189 190 192 223 225 226 228 264 259
228 188 191 224 227 260 263 153 154 187 189 190 192 194 197 223 225 226 230 233 264 266 269 259 261 262 157 193 195 196 229 231 232
229 189 190 194 197 225 226 228 230 233 264 266 269 261 262 409 411 414 193 195 196 198 231 232 234 236 239 270 272 275 265 267 268
230 187 189 190 192 194 197 223 225 226 228 233 264 266 269 261 157 159 193 195 196 198 229 231 232 234 270 265
231 228 230 233 264 266 269 411 193 195 196 198 200 229 232 234 236 239 270 272 275 265 267 268 415 199 235 271
232 228 230 233 264 266 269 414 193 195 196 198 203 229 231 234 236 239 270 272 275 265 267 268 415 199 235 271
233 187 189 190 192 194 197 223 225 226 228 230 264 266 269 262 157 160 193 195 196 198 229 231 232 234 270 265
234 194 197 230 233 266 269 159 160 193 195 196 198 200 203 229 231 232 236 239 270 272 275 265 267 268 163 199 201 202 235 237 238
235 195 196 200 203 231 232 234 236 239 270 272 275 267 268 415 417 420 199 201 202 204 237 238 240 242 245 276 278 281 271 273 274
236 193 195 196 198 200 203 229 231 232 234 239 270 272 275 267 163 165 199 201 202 204 235 237 238 240 276 271
237 234 236 239 270 272 275 417 199 201 202 204 206 235 238 240 242 245 276 278 281 271 273 274 421 205 241 277
238 234 236 239 270 272 275 420 199 201 202 204 209 235 237 240 242 245 276 278 281 271 273 274 421 205 241 277
239 193 195 196 198 200 203 229 231 232 234 236 270 272 275 268 163 166 199 201 202 204 235 237 238 240 276 271
240 200 203 236 239 272 275 165 166 199 201 202 204 206 209 235 237 238 242 245 276 278 281 271 273 274 169 205 207 208 241 243 244
241 201 202 206 209 237 238 240 242 245 276 278 281 273 274 421 423 426 210 205 207 208 243 244 246 248 251 282 284 287 277 279 280
242 199 201 202 204 206 209 235 237 238 240 245 276 278 281 273 169 171 210 205 207 208 241 243 244 246 282 277
243 240 242 245 276 278 281 423 210 212 205 207 208 241 244 246 248 251 282 284 287 277 279 280 427 211 247 283
244 240 242 245 276 278 281 426 210 215 205 207 208 241 243 246 248 251 282 284 287 277 279 280 427 211 247 283
245 199 201 202 204 206 209 235 237 238 240 242 276 278 281 274 169 172 210 205 207 208 241 243 244 246 282 277
246 206 209 242 245 278 281 171 172 210 212 215 205 207 208 241 243 244 248 251 282 284 287 277 279 280 175 211 213 214 247 249 250
247 212 215 207 208 243 244 246 248 251 282 284 287 279 280 427 429 432 476 211 213 214 249 250 480 482 483 484 486 487 283 285 286
248 210 212 215 205 207 208 241 243 244 246 251 282 284 287 279 175 177 476 211 213 214 247 249 250 480 484 283
249 246 248 251 282 284 287 429 476 478 211 213 214 247 250 477 480 481 482 483 484 486 487 283 285 286 485 488
250 246 248 251 282 284 287 432 476 479 211 213 214 247 249 477 480 481 482 483 484 486 487 283 285 286 485 488
251 210 212 215 205 207 208 241 243 244 246 248 282 284 287 280 175 178 476 211 213 214 247 249 250 480 484 283
252 323 324 216 218 221 254 257 326 327 328 329 330 332 335 331 333 334 336 337 338 339 340 397 399 402 181 217 219 220 253 255 256
253 218 221 252 254 257 328 329 333 334 338 339 397 399 402 433 434 435 217 219 220 222 258 260 263 255 256 398 400 401 403 405 408
254 216 218 221 252 257 326 328 329 331 333 334 338 397 399 402 181 183 217 219 220 222 258 253 255 256 398 403
255 252 254 257 397 399 402 434 217 219 220 222 224 258 260 263 253 256 398 400 401 403 405 408 436 223 259 404
256 252 254 257 397 399 402 435 217 219 220 222 227 258 260 263 253 255 398 400 401 403 405 408 436 223 259 404
257 216 218 221 252 254 326 328 329 331 333 334 339 397 399 402 181 184 217 219 220 222 258 253 255 256 398 403
258 218 221 254 257 399 402 183 184 217 219 220 222 224 227 260 263 253 255 256 398 400 401 403 405 408 187 223 225 226 259 261 262
259 219 220 224 227 258 260 263 255 256 400 401 403 405 408 436 437 438 223 225 226 228 264 266 269 261 262 404 406 407 409 411 414
260 217 219 220 222 224 227 258 263 253 255 256 400 403 405 408 187 189 223 225 226 228 264 259 261 262 404 409
261 258 260 263 403 405 408 437 223 225 226 228 230 264 266 269 259 262 404 406 407 409 411 414 439 229 265 410
262 258 260 263 403 405 408 438 223 225 226 228 233 264 266 269 259 261 404 406 407 409 411 414 439 229 265 410
263 217 219 220 222 224 227 258 260 253 255 256 401 403 405 408 187 190 223 225 226 228 264 259 261 262 404 409
264 224 227 260 263 405 408 189 190 223 225 226 228 230 233 266 269 259 261 262 404 406 407 409 411 414 193 229 231 232 265 267 268
265 225 226 230 233 264 266 269 261 262 406 407 409 411 414 439 440 441 229 231 232 234 270 272 275 267 268 410 412 413 415 417 420
266 223 225 226 228 230 233 264 269 259 261 262 406 409 411 414 193 195 229 231 232 234 270 265 267 268 410 415
267 264 266 269 409 411 414 440 229 231 232 234 236 270 272 275 265 268 410 412 413 415 417 420 442 235 271 416
268 264 266 269 409 411 414 441 229 231 232 234 239 270 272 275 265 267 410 412 413 415 417 420 442 235 271 416
269 223 225 226 228 230 233 264 266 259 261 262 407 409 411 414 193 196 229 231 232 234 270 265 267 268 410 415
270 230 233 266 269 411 414 195 196 229 231 232 234 236 239 272 275 265 267 268 410 412 413 415 417 420 199 235 237 238 271 273 274
271 231 232 236 239 270 272 275 267 268 412 413 415 417 420 442 443 444 235 237 238 240 276 278 281 273 274 416 418 419 421 423 426
272 229 231 232 234 236 239 270 275 265 267 268 412 415 417 420 199 201 235 237 238 240 276 271 273 274 416 421
273 270 272 275 415 417 420 443 235 237 238 240 242 276 278 281 271 274 416 418 419 421 423 426 445 241 277 422
274 270 272 275 415 417 420 444 235 237 238 240 245 276 278 281 271 273 416 418 419 421 423 426 445 241 277 422
275 229 231 232 234 236 239 270 272 265 267 268 413 415 417 420 199 202 235 237 238 240 276 271 273 274 416 421
276 236 239 272 275 417 420 201 202 235 237 238 240 242 245 278 281 271 273 274 416 418 419 421 423 426 205 241 243 244 277 279 280
277 237 238 242 245 276 278 281 273 274 418 419 421 423 426 445 446 447 241 243 244 246 282 284 287 279 280 422 424 425 427 429 432
278 235 237 238 240 242 245 276 281 271 273 274 418 421 423 426 205 207 241 243 244 246 282 277 279 280 422 427
279 276 278 281 421 423 426 446 241 243 244 246 248 282 284 287 277 280 422 424 425 427 429 432 448 247 283 428
280 276 278 281 421 423 426 447 241 243 244 246 251 282 284 287 277 279 422 424 425 427 429 432 448 247 283 428
281 235 237 238 240 242 245 276 278 271 273 274 419 421 423 426 205 208 241 243 244 246 282 277 279 280 422 427
282 242 245 278 281 423 426 207 208 241 243 244 246 248 251 284 287 277 279 280 422 424 425 427 429 432 211 247 249 250 283 285 286
283 243 244 248 251 282 284 287 279 280 424 425 427 429 432 448 449 450 247 249 250 480 484 486 487 285 286 428 430 431 488 490 491
284 241 243 244 246 248 251 282 287 277 279 280 424 427 429 432 211 213 247 249 250 480 484 283 285 286 428 488
285 282 284 287 427 429 432 449 247 249 250 480 481 482 484 486 487 283 286 428 430 431 485 488 489 490 491 492
286 282 284 287 427 429 432 450 247 249 250 480 481 483 484 486 487 283 285 428 430 431 485 488 489 490 491 492
287 241 243 244 246 248 251 282 284 277 279 280 425 427 429 432 211 214 247 249 250 480 484 283 285 286 428 488
