247
249
250
283
284
285
286
287
31
32
33
34
35
67
68
69
70
71
103
104
105
106
107
139
140
141
142
143
175
176
177
178
179
211
212
213
214
215
247
248
249
250
251
283
284
285
286
287
31
32
33
34
35
68
71
217
219
220
223
225
226
229
231
232
235
237
238
241
243
244
247
249
250
252
253
254
255
256
257
258
259
260
261
262
263
264
265
266
267
268
269
270
271
272
273
274
275
276
277
278
279
280
281
282
283
284
285
286
287
0
1
2
3
4
5
6
7
8
9
10
11
12
13
14
15
16
17
18
19
20
21
22
23
24
25
26
27
28
29
30
31
32
33
34
35
36
38
41
42
44
47
48
50
53
54
56
59
60
62
65
66
68
71
217
252
253
254
257
0
1
2
5
36
37
38
41
72
73
74
77
108
109
110
113
144
145
146
149
180
181
182
185
216
217
218
221
252
253
254
257
0
1
2
5
36
38
41
